"","year","week_of_year","predicted_num_cases"
"1",2010,37,5.5769
"2",2010,38,6.91556666666666
"3",2010,39,5.8464
"4",2010,40,6.3279
"5",2010,41,5.53993333333333
"6",2010,42,6.8683
"7",2010,43,6.22343333333333
"8",2010,44,8.24586666666667
"9",2010,45,10.3019
"10",2010,46,7.50563333333333
"11",2010,47,8.6552
"12",2010,48,10.7431333333333
"13",2010,49,8.02793333333334
"14",2010,50,8.56503333333333
"15",2010,51,8.32653333333333
"16",2011,52,9.23436666666667
"17",2011,1,7.26856666666666
"18",2011,2,8.94003333333334
"19",2011,3,8.28956666666666
"20",2011,4,8.74126666666667
"21",2011,5,12.6102666666667
"22",2011,6,7.16493333333333
"23",2011,7,9.27216666666667
"24",2011,8,10.1190666666667
"25",2011,9,7.81463333333333
"26",2011,10,8.8221
"27",2011,12,8.83593333333333
"28",2011,13,7.815
"29",2011,14,8.29436666666667
"30",2011,15,14.3851
"31",2011,16,8.4841
"32",2011,17,10.3274333333333
"33",2011,18,7.48830000000001
"34",2011,19,7.22166666666667
"35",2011,20,7.34803333333334
"36",2011,21,5.79003333333334
"37",2011,22,9.3668
"38",2011,23,9.39986666666666
"39",2011,24,4.7319
"40",2011,25,7.9781
"41",2011,26,8.78276666666666
"42",2011,27,7.30313333333333
"43",2011,28,4.78873333333334
"44",2011,29,6.35206666666667
"45",2011,30,6.22473333333333
"46",2011,31,5.40783333333333
"47",2011,32,7.4184
"48",2011,33,5.95503333333333
"49",2011,34,5.45033333333333
"50",2011,35,6.43186666666667
"51",2011,36,4.8963
"52",2011,37,10.8748
"53",2011,38,7.80136666666667
"54",2011,39,7.59426666666666
"55",2011,40,7.42856666666667
"56",2011,41,6.2705
"57",2011,42,7.95703333333333
"58",2011,43,8.15816666666667
"59",2011,44,8.11956666666666
"60",2011,45,8.99393333333333
"61",2011,46,7.1574
"62",2011,47,7.55199999999999
"63",2011,48,6.16436666666667
"64",2011,49,9.40496666666666
"65",2011,50,8.13686666666666
"66",2011,51,7.1885
"67",2012,52,8.06756666666667
"68",2012,1,9.88716666666667
"69",2012,2,8.74016666666667
"70",2012,3,9.53370000000001
"71",2012,4,8.09796666666667
"72",2012,5,7.71116666666666
"73",2012,6,7.7354
"74",2012,7,11.2917666666667
"75",2012,8,12.4330333333333
"76",2012,9,7.21753333333333
"77",2012,10,8.5665
"78",2012,11,8.27556666666667
"79",2012,12,4.68193333333333
"80",2012,13,7.8263
"81",2012,14,8.54013333333333
"82",2012,15,10.1283333333333
"83",2012,16,8.42706666666667
"84",2012,17,7.8356
"85",2012,18,6.0592
"86",2012,19,4.64566666666666
"87",2012,20,6.84483333333333
"88",2012,21,7.53043333333333
"89",2012,22,4.07096666666667
"90",2012,23,6.08023333333333
"91",2012,24,9.86326666666666
"92",2012,25,5.5559
"93",2012,26,6.46246666666667
"94",2012,27,7.8072
"95",2012,28,8.80636666666667
"96",2012,29,8.45066666666667
"97",2012,30,14.4584
"98",2012,31,4.7814
"99",2012,32,4.6839
"100",2012,33,7.46233333333333
"101",2012,34,16.5722666666667
"102",2012,35,7.71189999999999
"103",2012,36,8.51536666666667
"104",2012,37,7.343
"105",2012,38,8.75476666666667
"106",2012,39,7.6519
"107",2012,40,7.02676666666667
"108",2012,41,8.64206666666667
"109",2012,42,9.0974
"110",2012,43,8.32729999999999
"111",2012,44,7.16123333333333
"112",2012,45,10.1467333333333
"113",2012,46,8.148
"114",2012,47,11.3416333333333
"115",2012,48,8.8097
"116",2012,49,8.12813333333333
"117",2012,50,9.10746666666667
"118",2012,51,8.43093333333333
"119",2013,1,10.105
"120",2013,2,8.77286666666667
"121",2013,3,5.5985
"122",2013,4,11.0765
"123",2013,5,11.145
"124",2013,6,8.12923333333333
"125",2013,7,8.1753
"126",2013,8,7.7188
"127",2013,9,9.92363333333334
"128",2013,10,8.4265
"129",2013,11,10.4536333333333
"130",2013,12,8.4158
"131",2013,13,8.51773333333333
"132",2013,14,7.63476666666667
"133",2013,15,9.11553333333334
"134",2013,16,6.3192
"135",2013,17,13.4181333333333
"136",2013,18,5.0614
"137",2013,19,7.6234
"138",2013,20,7.01183333333334
"139",2013,21,7.1666
"140",2013,22,6.31673333333333
"141",2013,23,8.93306666666666
"142",2013,24,5.7192
"143",2013,25,5.15346666666667
"144",2013,26,5.36133333333334
