"","year","week_of_year","predicted_num_cases"
"1",2008,30,21.1310666666667
"2",2008,31,18.4175333333333
"3",2008,32,52.6775333333333
"4",2008,33,68.7166333333333
"5",2008,34,34.1474333333333
"6",2008,35,45.9184666666666
"7",2008,36,32.6358
"8",2008,37,63.5467666666666
"9",2008,38,53.9583666666667
"10",2008,39,40.4733333333334
"11",2008,40,38.8104
"12",2008,41,84.3581
"13",2008,42,58.4112333333333
"14",2008,43,71.2236333333333
"15",2008,44,64.7427333333333
"16",2008,45,41.0505333333333
"17",2008,46,42.5058333333333
"18",2008,47,47.1732333333333
"19",2008,48,65.5820666666667
"20",2008,49,56.8975
"21",2008,50,47.0739
"22",2008,51,22.5616333333334
"23",2008,52,20.5313
"24",2009,1,52.0372
"25",2009,2,17.8658666666667
"26",2009,3,21.2979
"27",2009,4,23.8602
"28",2009,5,37.4647333333333
"29",2009,6,19.2138333333333
"30",2009,7,20.1299333333333
"31",2009,8,14.5681
"32",2009,9,10.0990666666667
"33",2009,10,10.0691
"34",2009,11,13.7900333333333
"35",2009,12,6.19363333333334
"36",2009,13,13.3472333333333
"37",2009,14,13.0313
"38",2009,15,12.2792666666667
"39",2009,16,15.8932333333333
"40",2009,17,15.043
"41",2009,18,11.9336666666667
"42",2009,19,11.7442666666667
"43",2009,20,8.0964
"44",2009,21,10.3224333333333
"45",2009,22,19.7428666666667
"46",2009,23,10.0526333333333
"47",2009,24,11.2747333333333
"48",2009,25,10.5499
"49",2009,26,10.6241666666667
"50",2009,27,13.6581
"51",2009,28,19.6552666666667
"52",2009,29,27.0971333333333
"53",2009,30,21.6927333333333
"54",2009,31,21.4472333333333
"55",2009,32,32.0421
"56",2009,33,31.4068
"57",2009,34,51.2922
"58",2009,35,40.0251666666667
"59",2009,36,33.5227
"60",2009,37,64.3251666666666
"61",2009,38,73.154
"62",2009,39,96.6163333333334
"63",2009,40,79.5876333333333
"64",2009,41,93.4990666666667
"65",2009,42,61.9282333333333
"66",2009,43,44.7032666666667
"67",2009,44,68.7668333333333
"68",2009,45,68.6696666666667
"69",2009,46,32.3968666666667
"70",2009,47,68.6537666666667
"71",2009,48,55.9698333333334
"72",2009,49,46.0250333333333
"73",2009,50,30.1285666666666
"74",2009,51,44.1240333333333
"75",2009,52,43.8797
"76",2010,53,66.6548666666667
"77",2010,1,51.4056666666666
"78",2010,2,36.2716333333333
"79",2010,3,68.5197666666667
"80",2010,4,38.8844
"81",2010,5,19.8753
"82",2010,6,37.1737
"83",2010,7,34.4172
"84",2010,8,24.5666
"85",2010,9,33.7186666666667
"86",2010,10,24.3425666666666
"87",2010,11,18.2428666666667
"88",2010,12,17.4099333333333
"89",2010,13,15.7700333333333
"90",2010,14,13.5541
"91",2010,15,13.2093
"92",2010,16,10.4543333333333
"93",2010,17,25.7202666666666
"94",2010,18,16.4807333333333
"95",2010,19,17.6692
"96",2010,20,53.6271666666666
"97",2010,21,26.0950333333333
"98",2010,22,33.0762
"99",2010,23,54.2267
"100",2010,24,40.7736666666667
"101",2010,25,28.2273
"102",2010,26,15.7324333333333
"103",2010,27,31.1560666666667
"104",2010,28,46.2767333333334
"105",2010,29,60.3088666666666
"106",2010,30,35.9982666666667
"107",2010,31,36.9521666666666
"108",2010,32,62.0246333333334
"109",2010,33,72.3715
"110",2010,34,94.9320333333334
"111",2010,35,74.8422666666667
"112",2010,36,46.3931333333333
"113",2010,37,52.1362666666667
"114",2010,38,54.6218666666666
"115",2010,39,56.2378666666666
"116",2010,40,47.5237666666667
"117",2010,41,44.5182666666667
"118",2010,42,54.5365333333333
"119",2010,43,71.4604666666667
"120",2010,44,71.2072333333333
"121",2010,45,56.1067333333333
"122",2010,46,57.5407666666667
"123",2010,47,26.9535
"124",2010,48,32.9201666666667
"125",2010,49,35.0749333333333
"126",2010,50,24.0536333333333
"127",2010,51,25.3866
"128",2011,52,53.7651666666667
"129",2011,1,27.2007333333333
"130",2011,2,32.741
"131",2011,3,22.8522666666667
"132",2011,4,35.9046333333333
"133",2011,5,13.73
"134",2011,6,16.6763666666667
"135",2011,7,12.9205
"136",2011,8,8.46053333333334
"137",2011,9,12.9816
"138",2011,10,6.42883333333333
"139",2011,12,10.2142666666667
"140",2011,13,11.6285333333333
"141",2011,14,23.5776333333333
"142",2011,15,12.7950666666667
"143",2011,16,11.2530333333333
"144",2011,17,9.9112
"145",2011,18,11.1375666666667
"146",2011,19,8.65106666666667
"147",2011,20,14.8271333333333
"148",2011,21,17.2268
"149",2011,22,17.4013
"150",2011,23,13.8577666666667
"151",2011,24,35.1844333333333
"152",2011,25,47.1781
"153",2011,26,16.2207
"154",2011,27,20.0524333333333
"155",2011,28,37.0688
"156",2011,29,19.1522
"157",2011,30,20.3892
"158",2011,31,42.8691
"159",2011,32,58.7742333333334
"160",2011,33,41.6096333333333
"161",2011,34,41.2863666666667
"162",2011,35,50.3018666666667
"163",2011,36,58.7741
"164",2011,37,54.6029
"165",2011,38,43.0165
"166",2011,39,63.4504333333333
"167",2011,40,38.7757333333333
"168",2011,41,57.4992666666667
"169",2011,42,42.2970666666666
"170",2011,43,51.1829333333333
"171",2011,44,53.9608333333333
"172",2011,45,46.6414
"173",2011,46,44.0572333333333
"174",2011,47,41.9656
"175",2011,48,34.5126666666667
"176",2011,49,20.6371
"177",2011,50,50.6005
"178",2011,51,34.4606
"179",2012,52,27.8906666666667
"180",2012,1,29.5513666666667
"181",2012,2,18.7631
"182",2012,3,35.8316666666667
"183",2012,4,22.5762333333333
"184",2012,5,19.5903333333333
"185",2012,6,31.3202333333333
"186",2012,7,13.416
"187",2012,8,17.6435333333333
"188",2012,9,13.6163666666667
"189",2012,10,8.70073333333333
"190",2012,11,8.0388
"191",2012,12,18.4619
"192",2012,13,10.9143
"193",2012,14,8.0876
"194",2012,15,9.98236666666667
"195",2012,16,12.888
"196",2012,17,7.50383333333333
"197",2012,18,22.8701333333333
"198",2012,19,12.8191666666667
"199",2012,20,17.7641666666667
"200",2012,21,16.5142666666667
"201",2012,22,12.1811666666667
"202",2012,23,17.0883666666667
"203",2012,24,37.0234666666667
"204",2012,25,30.2715
"205",2012,26,26.5256666666667
"206",2012,27,22.4089333333333
"207",2012,28,23.9591
"208",2012,29,45.1752
"209",2012,30,45.3943666666666
"210",2012,31,47.1678
"211",2012,32,50.6391
"212",2012,33,27.262
"213",2012,34,62.9739
"214",2012,35,60.4486
"215",2012,36,107.080766666667
"216",2012,37,93.2804333333333
"217",2012,38,94.1611333333333
"218",2012,39,69.8289333333333
"219",2012,40,49.0306666666666
"220",2012,41,66.8515
"221",2012,42,93.5188333333333
"222",2012,43,62.1262000000001
"223",2012,44,69.4337
"224",2012,45,49.8182
"225",2012,46,53.5272666666667
"226",2012,47,51.573
"227",2012,48,62.6218
"228",2012,49,39.8559333333334
"229",2012,50,48.8202
"230",2012,51,24.9438333333333
"231",2013,1,34.9576333333333
"232",2013,2,46.3300666666667
"233",2013,3,22.9206666666667
"234",2013,4,25.3577666666667
"235",2013,5,41.4581
"236",2013,6,26.4116333333333
"237",2013,7,33.3752666666667
"238",2013,8,21.0594333333333
"239",2013,9,24.1572666666667
"240",2013,10,27.4491666666667
"241",2013,11,14.5806666666667
"242",2013,12,11.059
"243",2013,13,30.801
"244",2013,14,10.8087666666667
"245",2013,15,20.5344666666667
"246",2013,16,11.3901666666667
"247",2013,17,10.9561
